1 0.603756 0.148550 0.737778 0.166908 0.710717 0.364458 0.576695 0.346099
0 0.122852 0.160508 0.250010 0.160508 0.250010 0.362979 0.122852 0.362979
0 0.019756 0.360488 0.238281 0.360488 0.238281 0.685156 0.019756 0.685156
0 0.534570 0.319756 0.682715 0.319756 0.682715 0.582715 0.534570 0.582715
0 0.757402 0.457422 0.943848 0.457422 0.943848 0.701855 0.757402 0.701855
1 0.000625 0.537051 0.204336 0.537051 0.204336 0.838281 0.000625 0.838281
1 0.111738 0.213594 0.287051 0.213594 0.287051 0.376553 0.111738 0.376553
1 0.259873 0.245674 0.404297 0.245674 0.404297 0.544434 0.259873 0.544434
1 0.519766 0.624697 0.681504 0.624697 0.681504 0.929629 0.519766 0.929629
1 0.695068 0.719727 0.882754 0.719727 0.882754 0.987656 0.695068 0.987656
1 0.514209 0.335811 0.683340 0.335811 0.683340 0.479023 0.514209 0.479023
1 0.689502 0.363506 0.842559 0.363506 0.842559 0.582109 0.689502 0.582109
1 0.769766 0.524697 0.946309 0.524697 0.946309 0.639521 0.769766 0.639521
1 0.267823 0.036732 0.387241 0.082095 0.343300 0.197770 0.223882 0.152407
1 0.376457 0.068865 0.525691 0.125554 0.449471 0.326203 0.300237 0.269515
1 0.287569 -0.047184 0.406987 -0.001821 0.363046 0.113854 0.243628 0.068491
1 0.392398 -0.059772 0.532138 -0.006690 0.479663 0.131452 0.339923 0.078370
1 0.661641 -0.003981 0.781060 0.041382 0.737119 0.157057 0.617700 0.111694
1 0.777687 0.013310 0.910526 0.063770 0.860565 0.195294 0.727726 0.144833
1 0.718746 0.184636 0.867174 0.204968 0.838022 0.417786 0.689593 0.397454
