1 0.334111 0.433945 0.510645 0.433945 0.510645 0.656738 0.334111 0.656738
1 0.103715 0.049239 0.207413 0.033000 0.216363 0.090156 0.112666 0.106394
1 0.216113 0.039114 0.339693 0.017768 0.349805 0.076306 0.226224 0.097652
1 0.106959 0.135634 0.267993 0.108108 0.302191 0.308175 0.141157 0.335701
0 0.132514 0.720448 0.371138 0.662719 0.427838 0.897091 0.189214 0.954820
1 0.248422 0.119520 0.398699 0.086204 0.437945 0.263234 0.287668 0.296550
0 0.132514 0.720448 0.371138 0.662719 0.427838 0.897091 0.189214 0.954820
0 0.463623 0.184570 0.624023 0.184570 0.624023 0.356934 0.463623 0.356934
1 0.398764 0.662315 0.568620 0.612323 0.611109 0.756689 0.441253 0.806680
1 0.622041 0.566797 0.802930 0.566797 0.802930 0.731143 0.622041 0.731143
1 0.424025 0.238072 0.569537 0.218398 0.583241 0.319751 0.437729 0.339425
0 0.669561 0.513320 0.883418 0.513320 0.883418 0.754883 0.669561 0.754883
1 0.523887 0.387744 0.720205 0.387744 0.720205 0.618750 0.523887 0.618750
1 0.277531 0.291425 0.410654 0.267233 0.424588 0.343907 0.291465 0.368099
