1 0.159739 0.547550 0.321857 0.636307 0.244636 0.777353 0.082518 0.688596
1 0.295557 0.670137 0.470518 0.670137 0.470518 0.863213 0.295557 0.863213
0 0.407598 0.049512 0.569316 0.049512 0.569316 0.353125 0.407598 0.353125
0 0.642816 0.620111 0.844965 0.728503 0.705387 0.988814 0.503238 0.880423
0 0.036505 0.229551 0.232620 0.151111 0.381298 0.522831 0.185182 0.601272
1 0.730413 0.057443 0.858752 0.102638 0.820339 0.211717 0.692000 0.166522
1 0.513369 0.033174 0.609082 0.033174 0.609082 0.173437 0.513369 0.173437
1 0.595889 0.245863 0.752800 0.296544 0.678242 0.527379 0.521331 0.476699
1 0.033174 0.260898 0.209746 0.260898 0.209746 0.528223 0.033174 0.528223
0 0.618818 0.034658 0.839941 0.034658 0.839941 0.283838 0.618818 0.283838
1 0.674616 0.373222 0.832189 0.432764 0.780804 0.568751 0.623231 0.509209
1 0.809604 0.486600 0.960785 0.538656 0.931363 0.624103 0.780182 0.572047
1 0.511719 0.825254 0.757598 0.825254 0.757598 0.998525 0.511719 0.998525
