0 0.171621 0.396045 0.386133 0.396045 0.386133 0.656738 0.171621 0.656738
1 0.611769 0.188982 0.775719 0.243521 0.705272 0.455295 0.541322 0.400756
1 0.156250 0.088379 0.302285 0.088379 0.302285 0.215332 0.156250 0.215332
1 0.445936 0.076104 0.574330 0.016505 0.603840 0.080078 0.475445 0.139677
1 0.519869 0.118892 0.652902 0.165219 0.573403 0.393511 0.440369 0.347184
1 0.787510 0.418848 0.942285 0.418848 0.942285 0.618809 0.787510 0.618809
1 0.114174 0.347856 0.290985 0.282802 0.341275 0.419488 0.164465 0.484542
1 0.304316 0.240547 0.494170 0.240547 0.494170 0.457939 0.304316 0.457939
1 0.493834 0.427375 0.656108 0.368952 0.701762 0.495760 0.539487 0.554182
1 0.807547 0.084712 0.916705 0.162287 0.864729 0.235425 0.755570 0.157850
1 0.682981 0.039561 0.762141 0.102078 0.728005 0.145302 0.648845 0.082785
1 0.123269 0.496068 0.260306 0.449950 0.303020 0.576871 0.165983 0.622990
1 0.221737 0.739640 0.505803 0.647890 0.596896 0.929920 0.312830 1.021671
0 0.714551 0.334990 0.900977 0.334990 0.900977 0.595752 0.714551 0.595752
0 0.181543 0.021260 0.353125 0.021260 0.353125 0.225869 0.181543 0.225869
