1 0.501416 0.031855 0.610117 0.031855 0.610117 0.170986 0.501416 0.170986
0 0.660804 0.015834 0.854588 0.065229 0.779782 0.358707 0.585998 0.309312
0 0.410417 0.035484 0.566319 0.061014 0.517639 0.358285 0.361737 0.332755
0 0.060169 0.207254 0.291288 0.159812 0.372194 0.553957 0.141076 0.601399
0 0.644906 0.643597 0.839957 0.749061 0.733434 0.946071 0.538382 0.840607
1 0.681071 0.368721 0.833441 0.438803 0.769105 0.578682 0.616734 0.508599
1 0.821080 0.483636 0.956788 0.549239 0.908929 0.648239 0.773222 0.582636
1 0.344698 0.635358 0.517200 0.721364 0.448505 0.859144 0.276003 0.773138
1 0.139324 0.557291 0.305925 0.628353 0.247151 0.766146 0.080550 0.695085
1 0.562285 0.308662 0.747793 0.308662 0.747793 0.494170 0.562285 0.494170
1 0.033301 0.250693 0.246348 0.250693 0.246348 0.536201 0.033301 0.536201
1 0.756494 0.065186 0.860840 0.065186 0.860840 0.237656 0.756494 0.237656
