1 0.728955 0.224609 0.828955 0.224609 0.828955 0.355039 0.728955 0.355039
0 0.757930 0.297159 0.979832 0.431019 0.815888 0.702792 0.593986 0.568932
0 0.279687 0.314058 0.485222 0.404710 0.347784 0.716323 0.142249 0.625671
0 0.114463 0.150684 0.295625 0.150684 0.295625 0.369541 0.114463 0.369541
0 0.624609 0.128955 0.786895 0.128955 0.786895 0.321709 0.624609 0.321709
1 0.250693 0.662285 0.463740 0.662285 0.463740 1.000000 0.250693 1.000000
1 0.472432 0.736201 0.765186 0.736201 0.765186 1.000000 0.472432 1.000000
1 0.536201 0.324609 0.707217 0.324609 0.707217 0.533301 0.536201 0.533301
1 0.113018 0.488379 0.327510 0.488379 0.327510 0.913018 0.113018 0.913018
1 0.055039 0.244902 0.227510 0.244902 0.227510 0.488379 0.055039 0.488379
1 0.701465 0.463740 0.944922 0.463740 0.944922 0.683984 0.701465 0.683984
