0 0.797070 0.389857 0.979554 0.478796 0.922904 0.740318 0.740420 0.651379
1 0.617952 0.157682 0.723437 0.193921 0.694639 0.382523 0.589155 0.346285
1 0.737419 0.175363 0.843963 0.217290 0.808551 0.419764 0.702007 0.377837
1 0.780386 0.027330 0.866826 0.063532 0.850180 0.152963 0.763740 0.116761
1 0.655008 0.005173 0.756516 0.041447 0.744888 0.114661 0.643380 0.078387
1 0.368985 0.092787 0.452376 0.129601 0.441418 0.185446 0.358028 0.148631
1 0.279282 0.069140 0.357140 0.107764 0.345783 0.159278 0.267925 0.120654
1 0.724302 0.354799 0.839693 0.403126 0.804357 0.592965 0.688966 0.544638
1 0.553064 0.617886 0.689299 0.652450 0.659651 0.915385 0.523416 0.880822
1 0.719883 0.710117 0.871576 0.710117 0.871576 0.917363 0.719883 0.917363
1 0.286068 0.249248 0.402975 0.249248 0.402975 0.402871 0.286068 0.402871
1 0.206842 0.208691 0.282201 0.208691 0.282201 0.369531 0.206842 0.369531
1 0.004909 0.569541 0.204909 0.569541 0.204909 0.862285 0.004909 0.862285
0 0.132441 0.175332 0.232930 0.175332 0.232930 0.365186 0.132441 0.365186
0 0.562532 0.322763 0.697701 0.372189 0.665346 0.571280 0.530176 0.521854
0 0.012637 0.355078 0.209766 0.355078 0.209766 0.872432 0.012637 0.872432
