1 0.128687 0.157845 0.262039 0.129987 0.299086 0.307321 0.165734 0.335179
1 0.344316 0.433301 0.521133 0.433301 0.521133 0.646348 0.344316 0.646348
1 0.535625 0.398525 0.716787 0.398525 0.716787 0.610117 0.535625 0.610117
1 0.252068 0.297765 0.430945 0.261047 0.446751 0.338045 0.267873 0.374763
1 0.254095 0.142787 0.401019 0.103144 0.441794 0.254263 0.294870 0.293906
1 0.102827 0.052429 0.206737 0.037825 0.213999 0.089495 0.110089 0.104099
1 0.224398 0.051375 0.325127 0.029044 0.333053 0.064797 0.232325 0.087128
1 0.429114 0.249350 0.578492 0.213488 0.602634 0.314048 0.453256 0.349911
1 0.403555 0.661177 0.598350 0.615847 0.633496 0.766880 0.438701 0.812210
1 0.162986 0.714216 0.283833 0.680475 0.327483 0.836810 0.206636 0.870551
1 0.621477 0.580825 0.807106 0.564258 0.820359 0.712750 0.634730 0.729317
0 0.433063 0.189345 0.623921 0.146333 0.673891 0.368067 0.483033 0.411079
0 0.101912 0.712271 0.380962 0.623751 0.467424 0.896313 0.188374 0.984833
0 0.604368 0.518430 0.855454 0.461845 0.927956 0.783562 0.676870 0.840147
