1 0.845725 0.402123 0.967130 0.445832 0.903309 0.623101 0.781904 0.579393
1 0.157363 0.091279 0.306641 0.091279 0.306641 0.231855 0.157363 0.231855
0 0.171875 0.384033 0.386328 0.384033 0.386328 0.659375 0.171875 0.659375
1 0.139971 0.472432 0.347217 0.472432 0.347217 0.633301 0.139971 0.633301
1 0.107118 0.339952 0.275771 0.277899 0.327961 0.419746 0.159307 0.481798
1 0.276201 0.686914 0.545771 0.686914 0.545771 0.926055 0.276201 0.926055
1 0.448812 0.065094 0.585175 0.004381 0.612292 0.065287 0.475929 0.126000
1 0.468945 0.142002 0.603711 0.142002 0.603711 0.359395 0.468945 0.359395
1 0.571855 0.192725 0.712432 0.192725 0.712432 0.456494 0.571855 0.456494
1 0.796967 0.109364 0.883654 0.170969 0.851217 0.216613 0.764530 0.155008
1 0.684122 0.041519 0.762399 0.106046 0.731757 0.143218 0.653479 0.078691
0 0.187793 0.008672 0.347217 0.008672 0.347217 0.244902 0.187793 0.244902
1 0.507729 0.448492 0.641654 0.387740 0.682222 0.477172 0.548297 0.537924
0 0.712402 0.330400 0.897949 0.330400 0.897949 0.597070 0.712402 0.597070
1 0.306641 0.237656 0.467480 0.237656 0.467480 0.476758 0.306641 0.476758
