1 0.575654 0.357812 0.642188 0.357812 0.642188 0.492402 0.575654 0.492402
1 0.108916 0.118750 0.152461 0.118750 0.152461 0.136719 0.108916 0.136719
1 0.203945 0.118711 0.245957 0.118711 0.245957 0.136426 0.203945 0.136426
1 0.412793 0.119043 0.456133 0.119043 0.456133 0.136621 0.412793 0.136621
1 0.588154 0.088398 0.654687 0.088398 0.654687 0.136484 0.588154 0.136484
1 0.702520 0.112461 0.748779 0.112461 0.748779 0.132109 0.702520 0.132109
1 0.075879 0.342480 0.166797 0.342480 0.166797 0.478711 0.075879 0.478711
1 0.166504 0.356406 0.258359 0.356406 0.258359 0.535723 0.166504 0.535723
1 0.279268 0.350703 0.359736 0.350703 0.359736 0.485039 0.279268 0.485039
1 0.359736 0.367812 0.441787 0.367812 0.441787 0.564238 0.359736 0.564238
1 0.472168 0.356406 0.540312 0.356406 0.540312 0.493281 0.472168 0.493281
1 0.671836 0.367695 0.750566 0.367695 0.750566 0.572227 0.671836 0.572227
1 0.790820 0.363086 0.877891 0.363086 0.877891 0.528145 0.790820 0.528145
1 0.589229 0.783086 0.648535 0.783086 0.648535 0.806641 0.589229 0.806641
1 0.804785 0.690312 0.918076 0.690312 0.918076 0.823379 0.804785 0.823379
1 0.695738 0.769225 0.734669 0.672037 0.749203 0.695325 0.710272 0.792513
1 0.497025 0.660983 0.568155 0.730061 0.548473 0.811126 0.477343 0.742049
0 0.711035 0.706055 0.795410 0.706055 0.795410 0.862109 0.711035 0.862109
0 0.471074 0.713281 0.542246 0.713281 0.542246 0.829199 0.471074 0.829199
0 0.781738 0.000000 0.859062 0.000000 0.859062 0.141875 0.781738 0.141875
0 0.497578 0.018320 0.560937 0.018320 0.560937 0.153906 0.497578 0.153906
0 0.307861 0.025586 0.362783 0.025586 0.362783 0.146953 0.307861 0.146953
