1 0.126680 0.410938 0.230186 0.410938 0.230186 0.604277 0.126680 0.604277
1 0.076855 0.116230 0.121895 0.116230 0.121895 0.134512 0.076855 0.134512
1 0.176748 0.114258 0.222070 0.114258 0.222070 0.132227 0.176748 0.132227
1 0.398633 0.112832 0.443750 0.112832 0.443750 0.128906 0.398633 0.128906
1 0.585059 0.080723 0.647344 0.080723 0.647344 0.126074 0.585059 0.126074
1 0.701270 0.104121 0.747363 0.104121 0.747363 0.121309 0.701270 0.121309
1 0.042090 0.351758 0.116699 0.351758 0.116699 0.482207 0.042090 0.482207
1 0.257324 0.350020 0.339258 0.350020 0.339258 0.479883 0.257324 0.479883
1 0.463652 0.355469 0.534082 0.355469 0.534082 0.486504 0.463652 0.486504
1 0.668389 0.354395 0.750830 0.354395 0.750830 0.560762 0.668389 0.560762
1 0.801602 0.360938 0.896045 0.360938 0.896045 0.567305 0.801602 0.567305
1 0.561924 0.382812 0.642178 0.382812 0.642178 0.569492 0.561924 0.569492
1 0.587793 0.773867 0.646191 0.773867 0.646191 0.796172 0.587793 0.796172
1 0.824258 0.680859 0.920889 0.680859 0.920889 0.806445 0.824258 0.806445
1 0.699753 0.764018 0.723937 0.680240 0.738890 0.697506 0.714705 0.781283
1 0.465439 0.686855 0.548047 0.686855 0.548047 0.771094 0.465439 0.771094
0 0.286660 0.029766 0.348350 0.029766 0.348350 0.134590 0.286660 0.134590
0 0.476660 0.009023 0.553125 0.009023 0.553125 0.154297 0.476660 0.154297
0 0.466826 0.701289 0.537793 0.701289 0.537793 0.855273 0.466826 0.855273
0 0.713574 0.672891 0.808594 0.672891 0.808594 0.857422 0.713574 0.857422
0 0.784023 0.001387 0.859902 0.001387 0.859902 0.119297 0.784023 0.119297
0 0.466826 0.701289 0.537793 0.701289 0.537793 0.855273 0.466826 0.855273
0 0.713574 0.672891 0.808594 0.672891 0.808594 0.857422 0.713574 0.857422
0 0.573828 0.295098 0.635518 0.295098 0.635518 0.485098 0.573828 0.485098
0 0.121289 0.267773 0.232061 0.267773 0.232061 0.528711 0.121289 0.528711
0 0.121289 0.267773 0.232061 0.267773 0.232061 0.528711 0.121289 0.528711
1 0.343984 0.361699 0.429150 0.361699 0.429150 0.557148 0.343984 0.557148
0 0.346709 0.241602 0.434063 0.241602 0.434063 0.461074 0.346709 0.461074
0 0.812402 0.236133 0.896484 0.236133 0.896484 0.498242 0.812402 0.498242
