1 0.334307 0.661182 0.633975 0.661182 0.633975 0.989678 0.334307 0.989678
1 0.685381 0.676230 0.985039 0.676230 0.985039 1.000000 0.685381 1.000000
1 0.000205 0.659971 0.299873 0.659971 0.299873 0.988477 0.000205 0.988477
1 0.598867 0.010439 0.697920 0.010439 0.697920 0.104492 0.598867 0.104492
1 0.504248 0.011738 0.603301 0.011738 0.603301 0.105762 0.504248 0.105762
1 0.568760 0.036221 0.702949 0.036221 0.702949 0.192803 0.568760 0.192803
1 0.430850 0.033789 0.565039 0.033789 0.565039 0.190371 0.430850 0.190371
1 0.699824 0.118271 0.865273 0.118271 0.865273 0.218584 0.699824 0.218584
1 0.490430 0.127051 0.655889 0.127051 0.655889 0.227354 0.490430 0.227354
1 0.277900 0.134570 0.443359 0.134570 0.443359 0.234883 0.277900 0.234883
1 0.712959 0.215430 0.895996 0.215430 0.895996 0.461191 0.712959 0.461191
1 0.459688 0.196641 0.633975 0.196641 0.633975 0.441133 0.459688 0.441133
1 0.215859 0.221133 0.390146 0.221133 0.390146 0.465625 0.215859 0.465625
1 0.709229 0.390352 0.961230 0.390352 0.961230 0.527051 0.709229 0.527051
1 0.415811 0.394111 0.652734 0.394111 0.652734 0.539551 0.415811 0.539551
1 0.089229 0.422998 0.321182 0.422998 0.321182 0.535840 0.089229 0.535840
0 0.709814 0.024023 0.867822 0.024023 0.867822 0.225059 0.709814 0.225059
0 0.270967 0.027559 0.428975 0.027559 0.428975 0.228594 0.270967 0.228594
0 0.684756 0.296943 0.983193 0.296943 0.983193 0.644238 0.684756 0.644238
0 0.395117 0.288164 0.663438 0.288164 0.663438 0.619141 0.395117 0.619141
0 0.031553 0.290088 0.299873 0.290088 0.299873 0.652451 0.031553 0.652451
