1 0.730742 0.463291 0.933838 0.463291 0.933838 0.860498 0.730742 0.860498
0 0.111523 0.144316 0.299590 0.144316 0.299590 0.464795 0.111523 0.464795
0 0.181543 0.355713 0.413281 0.355713 0.413281 0.733301 0.181543 0.733301
0 0.687346 0.297691 0.939177 0.416194 0.807244 0.696567 0.555412 0.578064
0 0.612549 0.132285 0.790088 0.132285 0.790088 0.321865 0.612549 0.321865
1 0.113867 0.454258 0.316963 0.454258 0.316963 0.851465 0.113867 0.851465
1 0.054346 0.255664 0.260479 0.255664 0.260479 0.484355 0.054346 0.484355
1 0.204121 0.646846 0.488477 0.646846 0.488477 1.000000 0.204121 1.000000
1 0.471943 0.707998 0.781836 0.707998 0.781836 0.998496 0.471943 0.998496
1 0.546446 0.275515 0.740613 0.340106 0.662499 0.574925 0.468332 0.510334
1 0.659189 0.236104 0.832217 0.236104 0.832217 0.326377 0.659189 0.326377
